110
450
778
1690
1754
2660
3018
5348
7118
8570
9444
9450
10348
11672
12508
13316
15686
15892
16176
18100
18710
22234
26496
26502
26850
27464
27836
28172
28208
33154
33532
34292
35632
35954
36666
37460
41252
41448
43068
43782
45956
46726
47236
48606
48624
50818
53238
53962
54640
56548
58324
58608
58842
59776
61008
61990
63374
63858
66090
68312
68550
68814
69556
72056
72942
73542
73610
73672
74058
74520
75198
76690
78074
78514
80106
82632
82808
84528
86758
87386
87500
87590
88036
88318
89054
89118
91084
92104
92326
92858
93010
94028
94312
94618
96478
97234
97910
99014
99312
99654
